v2.0 raw
0 49 74 20 69 73 20 63
65 72 74 61 69 6e 0 49
74 20 69 73 20 64 65 63
69 64 65 64 6c 79 20 73
6f 0 57 69 74 68 6f 75
74 20 61 20 64 6f 75 62
74 0 59 65 73 20 64 65
66 69 6e 69 74 65 6c 79
0 59 6f 75 20 6d 61 79
20 72 65 6c 79 20 6f 6e
20 69 74 0 41 73 20 49
20 73 65 65 20 69 74 20
79 65 73 0 4d 6f 73 74
20 6c 69 6b 65 6c 79 0
4f 75 74 6c 6f 6f 6b 20
67 6f 6f 64 0 59 65 73
0 53 69 67 6e 73 20 70
6f 69 6e 74 20 74 6f 20
79 65 73 0 52 65 70 6c
79 20 68 61 7a 79 20 74
72 79 20 61 67 61 69 6e
0 41 73 6b 20 61 67 61
69 6e 20 6c 61 74 65 72
0 42 65 74 74 65 72 20
6e 6f 74 20 74 65 6c 6c
20 79 6f 75 20 6e 6f 77
0 43 61 6e 6e 6f 74 20
70 72 65 64 69 63 74 20
6e 6f 77 0 43 6f 6e 63
65 6e 74 72 61 74 65 20
61 6e 64 20 61 73 6b 20
61 67 61 69 6e 0 44 6f
20 6e 6f 74 20 63 6f 75
6e 74 20 6f 6e 20 69 74
0 4d 79 20 72 65 70 6c
79 20 69 73 20 6e 6f 0
4d 79 20 73 6f 75 72 63
65 73 20 73 61 79 20 6e
6f 0 4f 75 74 6c 6f 6f
6b 20 6e 6f 74 20 73 6f
20 67 6f 6f 64 0 56 65
72 79 20 64 6f 75 62 74
66 75 6c
